test.txt        47 62 73 63 63 63 63 63 63 63 63 63 63 63 63 63 a----- 2024-11-10 22:18:32 25
test.txt        47 62 73 63 63 63 63 63 63 63 63 63 63 63 63 63 a----- 2024-11-10 22:18:32 25
test.txt        47 62 73 63 63 63 63 63 63 63 63 63 63 63 63 63 a----- 2024-11-10 22:18:32 25
test.txt        47 62 73 63 63 63 63 63 63 63 63 63 63 63 63 63 a----- 2024-11-10 22:18:32 25
test.txt        47 62 73 63 63 63 63 63 63 63 63 63 63 63 63 63 a----- 2024-11-10 22:18:32 25
test.txt        47 62 73 63 63 63 63 63 63 63 63 63 63 63 63 63 a----- 2024-11-10 22:18:32 25
test.txt        47 62 73 63 63 63 63 63 63 63 63 63 63 63 63 63 a----- 2024-11-10 22:18:32 25
test.txt        47 62 73 63 63 63 63 63 63 63 63 63 63 63 63 63 a----- 2024-11-10 22:18:32 25
test.txt        47 62 73 63 63 63 63 63 63 63 63 63 63 63 63 63 a----- 2024-11-10 22:18:32 25
test.txt        47 62 73 63 63 63 63 63 63 63 63 63 63 63 63 63 a----- 2024-11-10 22:18:32 25
test.txt        47 62 73 63 63 63 63 63 63 63 63 63 63 63 63 63 a----- 2024-11-10 22:18:32 25
test.txt        47 62 73 63 63 63 63 63 63 63 63 63 63 63 63 63 a----- 2024-11-10 22:18:32 25
test.txt        47 62 73 63 63 63 63 63 63 63 63 63 63 63 63 63 a----- 2024-11-10 22:18:32 25
test.txt        47 62 73 63 63 63 63 63 63 63 63 63 63 63 63 63 a----- 2024-11-10 22:18:32 25
